set {k in TEACHER, l in STUDENT, i in 1 .. 4: P[k,l,i] == 1}  :=
(0,1,1)      (12,85,2)    (24,46,1)    (39,10,1)    (50,168,2)   (68,78,1)
(0,17,1)     (12,118,3)   (24,75,1)    (39,20,1)    (51,8,3)     (68,86,2)
(0,125,1)    (12,121,1)   (24,79,1)    (39,70,1)    (51,9,1)     (68,104,2)
(0,154,1)    (12,140,3)   (24,100,1)   (39,78,2)    (51,19,1)    (68,123,2)
(0,158,3)    (12,145,3)   (24,101,2)   (39,90,1)    (51,45,3)    (68,143,1)
(0,161,1)    (12,167,3)   (24,105,1)   (39,145,1)   (51,49,3)    (68,144,1)
(0,173,2)    (12,179,2)   (24,127,1)   (39,173,1)   (51,70,3)    (68,170,1)
(0,178,3)    (13,13,2)    (24,135,1)   (39,174,2)   (51,144,3)   (70,16,2)
(0,180,1)    (13,19,3)    (24,158,1)   (39,188,2)   (51,160,2)   (70,23,3)
(0,185,1)    (13,47,1)    (25,5,2)     (40,0,2)     (51,174,3)   (70,44,1)
(1,7,2)      (13,48,2)    (25,83,1)    (40,32,3)    (52,24,1)    (70,46,3)
(1,35,3)     (13,55,2)    (25,86,3)    (40,44,3)    (52,75,2)    (70,57,3)
(1,65,3)     (13,127,2)   (25,88,1)    (40,76,3)    (52,81,2)    (70,65,2)
(1,81,3)     (13,129,3)   (25,97,3)    (40,110,1)   (52,97,1)    (70,130,3)
(1,95,3)     (13,158,2)   (25,125,3)   (40,116,3)   (52,99,2)    (70,183,1)
(1,104,3)    (13,159,3)   (25,147,3)   (40,134,3)   (52,105,2)   (70,184,2)
(1,109,1)    (14,10,2)    (25,159,1)   (40,157,3)   (52,132,1)   (71,30,3)
(1,156,1)    (14,28,2)    (26,6,3)     (40,180,2)   (52,133,2)   (71,36,1)
(1,178,2)    (14,50,2)    (26,33,3)    (41,5,1)     (52,182,1)   (71,45,2)
(2,121,2)    (14,58,2)    (26,37,3)    (41,7,1)     (53,59,2)    (71,118,2)
(2,164,3)    (14,96,2)    (26,67,3)    (41,15,2)    (53,61,3)    (71,157,1)
(3,6,2)      (14,141,2)   (26,91,3)    (41,73,1)    (53,68,1)    (71,172,3)
(3,29,2)     (14,142,2)   (26,101,1)   (41,90,3)    (53,71,3)    (71,176,3)
(3,69,1)     (14,145,2)   (26,155,3)   (41,102,1)   (53,84,1)    (72,3,1)
(3,99,3)     (14,148,2)   (27,4,3)     (41,180,3)   (53,107,2)   (72,12,1)
(3,103,2)    (14,153,1)   (27,17,3)    (41,185,3)   (53,128,1)   (72,13,1)
(3,115,2)    (15,29,1)    (27,59,1)    (43,46,2)    (53,143,2)   (72,38,3)
(3,129,2)    (15,33,2)    (27,79,3)    (43,79,2)    (53,185,2)   (72,57,2)
(3,132,2)    (15,35,1)    (27,138,3)   (43,82,3)    (53,186,3)   (72,83,2)
(3,165,1)    (15,39,1)    (27,140,1)   (43,111,1)   (54,21,1)    (72,93,2)
(5,2,2)      (15,40,1)    (27,170,3)   (43,115,1)   (54,97,2)    (72,117,1)
(5,4,2)      (15,60,1)    (27,183,3)   (43,119,1)   (54,136,3)   (72,162,1)
(5,15,3)     (15,63,2)    (28,7,3)     (43,130,1)   (54,146,3)   (72,175,2)
(5,42,3)     (15,131,1)   (28,14,1)    (43,155,1)   (54,151,2)   (73,12,3)
(5,52,1)     (15,142,1)   (28,23,1)    (43,176,2)   (54,156,3)   (73,20,3)
(5,69,3)     (15,164,1)   (28,80,1)    (44,10,3)    (54,171,3)   (73,72,3)
(5,126,1)    (16,52,3)    (28,107,3)   (44,11,3)    (56,93,3)    (73,96,1)
(5,136,1)    (16,72,1)    (28,124,3)   (44,48,3)    (56,95,2)    (73,103,3)
(5,151,3)    (16,77,1)    (28,148,3)   (44,54,2)    (56,112,1)   (73,112,3)
(5,166,2)    (16,113,2)   (28,154,3)   (44,58,1)    (56,124,1)   (73,142,3)
(6,14,3)     (16,117,3)   (28,161,2)   (44,62,3)    (56,128,2)   (73,161,3)
(6,34,3)     (16,123,1)   (30,0,3)     (44,92,1)    (56,162,3)   (73,165,3)
(6,42,2)     (16,177,2)   (30,2,3)     (44,114,2)   (56,174,1)   (74,30,2)
(6,55,1)     (16,181,2)   (30,36,3)    (44,131,3)   (56,178,1)   (74,69,2)
(6,68,3)     (16,188,1)   (30,44,2)    (44,164,2)   (57,1,3)     (74,100,3)
(6,75,3)     (16,189,1)   (30,98,1)    (45,22,1)    (57,3,3)     (74,149,3)
(6,119,3)    (17,33,1)    (30,137,1)   (45,48,1)    (57,11,2)    (74,152,3)
(6,183,2)    (17,54,1)    (30,166,3)   (45,51,2)    (57,94,3)    (75,14,2)
(7,28,1)     (17,162,2)   (31,4,1)     (45,65,1)    (57,149,2)   (75,27,3)
(7,73,2)     (17,175,1)   (31,22,2)    (45,71,1)    (57,173,3)   (75,109,3)
(7,87,1)     (18,8,2)     (31,31,3)    (45,78,3)    (57,177,3)   (75,122,2)
(7,94,1)     (18,22,3)    (31,43,3)    (45,91,2)    (62,26,3)    (75,126,2)
(7,104,1)    (18,25,3)    (31,112,2)   (45,108,3)   (62,96,3)    (75,135,2)
(7,113,1)    (18,106,2)   (31,129,1)   (45,141,3)   (62,111,3)   (75,177,1)
(7,131,2)    (18,125,2)   (31,135,3)   (46,2,1)     (62,121,3)   (75,179,3)
(7,155,2)    (18,140,2)   (32,9,4)     (46,45,1)    (62,139,3)   (75,188,3)
(7,187,2)    (18,163,1)   (32,18,1)    (46,115,3)   (62,159,2)   (76,9,3)
(7,189,2)    (20,30,1)    (32,21,3)    (46,143,3)   (64,32,1)    (76,26,2)
(8,38,1)     (20,84,3)    (32,84,2)    (46,153,3)   (64,42,1)    (76,37,2)
(8,51,1)     (20,85,3)    (32,93,1)    (46,160,1)   (64,47,2)    (76,60,2)
(8,56,1)     (20,108,1)   (32,98,3)    (46,172,2)   (64,52,2)    (76,63,3)
(8,62,1)     (20,120,2)   (32,106,3)   (47,12,2)    (64,56,3)    (76,68,2)
(8,63,1)     (20,138,2)   (32,141,1)   (47,35,2)    (64,62,2)    (76,146,1)
(8,87,3)     (20,156,2)   (32,147,2)   (47,40,2)    (64,113,3)   (76,153,2)
(8,89,3)     (20,168,3)   (32,150,3)   (47,87,2)    (64,116,1)   (76,154,2)
(8,91,1)     (20,171,1)   (33,15,1)    (47,109,2)   (64,136,2)   (76,182,3)
(8,122,3)    (21,39,3)    (33,37,1)    (47,120,1)   (64,139,2)   (77,31,2)
(9,16,1)     (21,50,1)    (33,41,3)    (47,169,3)   (65,19,2)    (77,32,2)
(9,26,1)     (21,58,3)    (33,51,3)    (47,179,1)   (65,20,2)    (77,72,2)
(9,27,1)     (21,73,3)    (33,66,3)    (48,40,3)    (65,59,3)    (77,132,3)
(9,34,2)     (21,80,2)    (33,76,2)    (48,88,3)    (65,60,3)    (77,134,1)
(9,82,1)     (21,88,2)    (33,80,3)    (48,90,2)    (65,61,2)    (77,137,2)
(9,103,1)    (21,149,1)   (33,114,1)   (48,92,2)    (65,74,2)    (77,150,1)
(9,106,1)    (21,175,3)   (34,25,2)    (48,117,2)   (65,94,2)    (77,169,2)
(9,124,2)    (21,189,3)   (34,54,3)    (48,119,2)   (65,157,2)   (77,170,2)
(9,152,1)    (22,16,3)    (34,89,2)    (48,126,3)   (65,165,2)   (78,1,2)
(9,186,2)    (22,23,2)    (34,92,3)    (48,150,2)   (65,171,2)   (78,3,2)
(10,29,3)    (22,24,3)    (34,123,3)   (49,25,1)    (66,27,2)    (78,17,2)
(10,64,1)    (22,36,2)    (34,127,3)   (49,49,2)    (66,43,2)    (78,31,1)
(10,74,3)    (22,47,3)    (34,133,3)   (49,53,1)    (66,49,1)    (78,41,1)
(10,85,1)    (22,66,2)    (34,144,2)   (49,67,1)    (66,81,1)    (78,64,2)
(10,95,1)    (22,74,1)    (34,181,1)   (49,89,1)    (66,82,2)    (78,66,1)
(10,101,3)   (22,108,2)   (34,184,3)   (49,111,2)   (66,102,2)   (78,67,2)
(10,138,1)   (22,152,2)   (37,9,2)     (49,147,1)   (66,118,1)   (78,163,2)
(10,139,1)   (22,163,3)   (37,34,1)    (49,172,1)   (66,148,1)   (78,184,1)
(11,5,3)     (23,0,1)     (37,70,2)    (49,186,1)   (66,167,2)   (79,6,1)
(11,28,3)    (23,21,2)    (37,114,3)   (49,187,1)   (66,176,1)   (79,18,3)
(11,43,1)    (23,24,2)    (38,13,3)    (50,11,1)    (67,41,2)    (79,38,2)
(11,50,3)    (23,39,2)    (38,76,1)    (50,18,2)    (67,55,3)    (79,110,3)
(11,77,3)    (23,57,1)    (38,86,1)    (50,53,3)    (67,133,1)   (79,120,3)
(11,83,3)    (23,61,1)    (38,98,2)    (50,56,2)    (67,137,3)   (79,187,3)
(11,100,2)   (23,99,1)    (38,102,3)   (50,71,2)    (67,146,2)
(11,105,3)   (23,130,2)   (38,107,1)   (50,110,2)   (67,181,3)
(11,128,3)   (23,151,1)   (38,122,1)   (50,116,2)   (67,182,2)
(11,160,3)   (23,168,1)   (38,166,1)   (50,134,2)   (68,53,2)
(12,64,3)    (24,8,1)     (38,169,1)   (50,167,1)   (68,77,2);

