set {i in 1 .. DAY, j in 1 .. SESSION, l in STUDENT: Y[i,j,l] == 1}  :=
(1,1,29)    (1,5,25)    (2,1,86)    (2,4,111)   (2,7,151)   (3,4,69)
(1,1,73)    (1,5,39)    (2,1,87)    (2,4,138)   (2,7,171)   (3,4,80)
(1,1,77)    (1,5,51)    (2,1,95)    (2,4,142)   (3,1,17)    (3,4,83)
(1,1,82)    (1,5,60)    (2,1,114)   (2,4,182)   (3,1,27)    (3,4,85)
(1,1,100)   (1,5,75)    (2,1,120)   (2,5,0)     (3,1,42)    (3,4,125)
(1,1,105)   (1,5,141)   (2,1,140)   (2,5,1)     (3,1,58)    (3,4,132)
(1,1,115)   (1,5,179)   (2,1,146)   (2,5,12)    (3,1,59)    (3,4,133)
(1,1,130)   (1,5,183)   (2,1,148)   (2,5,15)    (3,1,66)    (3,4,174)
(1,1,143)   (1,5,187)   (2,1,157)   (2,5,20)    (3,1,71)    (3,5,8)
(1,1,167)   (1,6,65)    (2,1,161)   (2,5,54)    (3,1,109)   (3,5,28)
(1,1,184)   (1,6,122)   (2,1,166)   (2,5,56)    (3,1,126)   (3,5,94)
(1,2,93)    (1,6,178)   (2,2,14)    (2,5,104)   (3,1,128)   (3,5,108)
(1,3,33)    (1,7,18)    (2,2,45)    (2,5,169)   (3,1,150)   (3,5,116)
(1,3,41)    (1,7,30)    (2,2,74)    (2,6,34)    (3,1,153)   (3,5,139)
(1,3,48)    (1,7,32)    (2,2,145)   (2,6,47)    (3,1,156)   (3,6,9)
(1,3,63)    (1,7,46)    (2,3,7)     (2,6,84)    (3,1,162)   (3,6,57)
(1,3,81)    (1,7,67)    (2,3,23)    (2,6,129)   (3,1,163)   (3,6,131)
(1,3,110)   (1,7,68)    (2,3,24)    (2,6,149)   (3,2,19)    (3,6,155)
(1,3,119)   (1,7,76)    (2,3,70)    (2,6,164)   (3,2,136)   (3,6,165)
(1,3,124)   (1,7,79)    (2,3,88)    (2,6,177)   (3,2,158)   (3,7,6)
(1,3,135)   (1,7,92)    (2,3,96)    (2,7,2)     (3,3,5)     (3,7,22)
(1,3,160)   (1,7,99)    (2,3,121)   (2,7,3)     (3,3,10)    (3,7,55)
(1,3,185)   (1,7,117)   (2,3,152)   (2,7,16)    (3,3,21)    (3,7,89)
(1,3,189)   (1,7,170)   (2,3,159)   (2,7,35)    (3,3,97)    (3,7,103)
(1,4,78)    (1,7,180)   (2,3,168)   (2,7,43)    (3,3,113)   (3,7,123)
(1,4,98)    (1,7,188)   (2,3,172)   (2,7,61)    (3,3,144)   (3,7,127)
(1,4,102)   (2,1,13)    (2,3,181)   (2,7,72)    (3,3,154)   (3,7,134)
(1,4,107)   (2,1,37)    (2,3,186)   (2,7,90)    (3,4,4)     (3,7,137)
(1,4,118)   (2,1,40)    (2,4,31)    (2,7,91)    (3,4,26)    (3,7,173)
(1,4,147)   (2,1,49)    (2,4,36)    (2,7,101)   (3,4,44)    (3,7,176)
(1,4,175)   (2,1,50)    (2,4,38)    (2,7,106)   (3,4,53)
(1,5,11)    (2,1,52)    (2,4,64)    (2,7,112)   (3,4,62);

