set {k in TEACHER, l in STUDENT, i in 1 .. 4: P[k,l,i] == 1}  :=
(0,1,1)      (12,78,3)    (24,99,1)    (39,66,1)    (51,114,3)   (68,123,1)
(0,29,1)     (12,120,3)   (24,105,1)   (39,70,1)    (51,146,2)   (68,147,1)
(0,39,1)     (12,121,1)   (24,135,1)   (39,104,1)   (52,24,1)    (68,169,1)
(0,48,3)     (12,151,3)   (24,151,1)   (39,106,1)   (52,93,2)    (68,170,2)
(0,59,3)     (12,152,3)   (25,5,2)     (39,148,1)   (52,94,2)    (68,177,2)
(0,63,2)     (12,178,2)   (25,81,3)    (39,176,1)   (52,115,1)   (68,187,1)
(0,125,1)    (12,179,2)   (25,121,3)   (39,187,2)   (52,133,2)   (70,16,2)
(0,157,3)    (13,8,2)     (25,124,1)   (40,44,3)    (52,157,2)   (70,44,1)
(0,161,1)    (13,32,3)    (25,142,3)   (40,46,3)    (52,162,1)   (70,49,2)
(0,189,3)    (13,48,2)    (25,143,3)   (40,53,3)    (52,165,2)   (70,65,2)
(1,2,3)      (13,59,2)    (25,149,3)   (40,75,3)    (52,171,2)   (70,104,2)
(1,5,3)      (13,107,2)   (25,172,2)   (40,109,1)   (52,182,1)   (70,137,2)
(1,6,3)      (13,125,2)   (25,173,3)   (40,131,3)   (53,68,1)    (70,156,3)
(1,34,3)     (13,127,2)   (26,8,3)     (40,165,3)   (53,69,3)    (71,4,2)
(1,63,3)     (13,143,2)   (26,16,3)    (41,5,1)     (53,80,2)    (71,38,1)
(1,73,3)     (13,186,3)   (26,98,2)    (41,7,1)     (53,84,1)    (71,45,2)
(1,85,2)     (14,9,2)     (26,100,2)   (41,30,2)    (53,110,3)   (71,62,1)
(1,108,3)    (14,10,2)    (26,101,1)   (41,66,3)    (53,148,3)   (71,64,1)
(1,113,3)    (14,28,2)    (26,104,3)   (41,69,2)    (53,158,2)   (71,128,3)
(1,171,3)    (14,35,1)    (26,119,3)   (41,73,1)    (53,163,1)   (71,139,1)
(2,54,3)     (14,43,2)    (26,138,3)   (41,102,1)   (53,185,2)   (71,141,3)
(2,58,3)     (14,58,2)    (26,175,3)   (41,115,3)   (54,21,1)    (72,3,1)
(2,93,1)     (14,64,2)    (27,7,3)     (43,13,1)    (54,40,2)    (72,12,1)
(2,153,3)    (14,70,2)    (27,39,3)    (43,15,3)    (54,57,3)    (72,20,2)
(3,58,1)     (14,142,2)   (27,84,3)    (43,46,2)    (54,92,1)    (72,42,3)
(3,67,3)     (14,145,2)   (27,99,3)    (43,79,2)    (54,109,2)   (72,57,2)
(3,79,3)     (15,17,1)    (27,118,3)   (43,97,1)    (54,129,2)   (72,111,1)
(3,102,3)    (15,40,1)    (27,134,3)   (43,117,1)   (54,132,2)   (72,132,1)
(3,105,3)    (15,50,2)    (27,147,3)   (43,119,1)   (54,164,2)   (72,175,2)
(3,120,1)    (15,60,1)    (27,159,2)   (43,130,1)   (54,165,1)   (73,40,3)
(3,145,3)    (15,96,2)    (27,179,3)   (43,155,1)   (56,30,1)    (73,92,3)
(3,181,3)    (15,131,1)   (28,2,2)     (44,6,2)     (56,83,1)    (73,96,1)
(3,187,3)    (15,153,1)   (28,23,1)    (44,43,3)    (56,88,1)    (73,110,1)
(5,12,3)     (15,164,1)   (28,56,1)    (44,60,3)    (56,108,1)   (73,117,3)
(5,51,1)     (15,173,2)   (28,124,3)   (44,69,1)    (56,120,2)   (73,133,3)
(5,63,1)     (15,180,1)   (28,125,3)   (44,87,2)    (56,171,1)   (73,156,1)
(5,85,1)     (16,25,1)    (28,126,1)   (44,151,2)   (56,174,1)   (73,163,3)
(5,90,2)     (16,89,1)    (28,157,1)   (44,178,3)   (57,11,2)    (73,180,2)
(5,118,2)    (16,90,3)    (30,27,3)    (45,6,1)     (57,20,3)    (74,15,2)
(5,168,3)    (16,112,3)   (30,55,1)    (45,52,2)    (57,64,3)    (74,45,3)
(5,176,3)    (16,126,3)   (30,98,1)    (45,62,2)    (57,101,3)   (74,61,3)
(6,44,2)     (16,144,1)   (30,103,3)   (45,71,1)    (57,114,2)   (74,100,3)
(6,89,2)     (16,150,1)   (30,109,3)   (45,91,2)    (57,149,2)   (74,159,3)
(6,97,3)     (16,186,1)   (30,170,3)   (45,95,2)    (57,150,2)   (75,14,2)
(6,136,3)    (17,26,2)    (30,183,2)   (45,126,2)   (57,172,3)   (75,22,1)
(6,140,3)    (17,46,1)    (31,22,2)    (46,35,3)    (61,49,3)    (75,38,2)
(6,155,3)    (17,154,2)   (31,66,2)    (46,47,3)    (61,158,3)   (75,116,1)
(6,181,1)    (17,175,1)   (31,74,1)    (46,72,3)    (61,180,3)   (75,123,3)
(6,185,3)    (18,13,2)    (31,88,3)    (46,112,1)   (61,188,3)   (75,130,3)
(7,16,1)     (18,23,3)    (31,111,2)   (46,159,1)   (62,4,3)     (75,132,3)
(7,17,2)     (18,88,2)    (31,112,2)   (46,160,1)   (62,18,3)    (75,177,1)
(7,26,1)     (18,128,1)   (31,129,1)   (46,169,3)   (62,59,1)    (76,9,3)
(7,27,1)     (18,146,3)   (31,135,3)   (46,177,3)   (62,89,3)    (76,21,2)
(7,67,2)     (18,149,1)   (31,144,3)   (46,178,1)   (62,95,3)    (76,24,2)
(7,82,1)     (20,2,1)     (32,18,1)    (47,11,3)    (62,140,1)   (76,39,2)
(7,94,1)     (20,10,3)    (32,22,3)    (47,12,2)    (64,0,3)     (76,60,2)
(7,103,1)    (20,25,3)    (32,51,3)    (47,17,3)    (64,32,1)    (76,68,2)
(7,163,2)    (20,38,3)    (32,76,2)    (47,35,2)    (64,48,1)    (76,130,2)
(7,184,1)    (20,45,1)    (32,82,3)    (47,54,2)    (64,51,2)    (76,146,1)
(8,13,3)     (20,70,3)    (32,121,2)   (47,97,2)    (64,65,1)    (76,153,2)
(8,14,1)     (20,128,2)   (32,141,1)   (47,111,3)   (64,76,3)    (76,162,2)
(8,26,3)     (20,138,2)   (32,183,3)   (47,115,2)   (64,122,2)   (77,31,2)
(8,36,1)     (20,156,2)   (33,15,1)    (47,179,1)   (64,135,2)   (77,32,2)
(8,55,3)     (20,166,2)   (33,37,1)    (48,3,3)     (64,139,2)   (77,42,2)
(8,80,1)     (21,28,3)    (33,84,2)    (48,29,3)    (65,19,2)    (77,72,2)
(8,91,1)     (21,47,1)    (33,91,3)    (48,83,3)    (65,37,3)    (77,76,1)
(8,138,1)    (21,50,1)    (33,107,3)   (48,85,3)    (65,61,2)    (77,93,3)
(8,154,3)    (21,55,2)    (33,114,1)   (48,92,2)    (65,74,2)    (77,107,1)
(8,161,2)    (21,105,2)   (33,137,3)   (48,117,2)   (65,75,2)    (77,123,2)
(9,34,2)     (21,106,2)   (33,147,2)   (48,119,2)   (65,81,2)    (77,166,1)
(9,73,2)     (21,140,2)   (34,25,2)    (48,160,3)   (65,83,2)    (77,169,2)
(9,78,2)     (21,164,3)   (34,80,3)    (49,53,1)    (65,99,2)    (78,1,2)
(9,87,1)     (22,4,1)     (34,94,3)    (49,78,1)    (65,176,2)   (78,3,2)
(9,113,1)    (22,23,2)    (34,129,3)   (49,106,3)   (66,49,1)    (78,20,1)
(9,152,1)    (22,36,2)    (34,137,1)   (49,122,1)   (66,72,1)    (78,27,2)
(9,155,2)    (22,68,3)    (34,139,3)   (49,143,1)   (66,81,1)    (78,28,1)
(9,174,2)    (22,71,3)    (34,144,2)   (49,170,1)   (66,90,1)    (78,82,2)
(9,186,2)    (22,108,2)   (34,166,3)   (49,172,1)   (66,102,2)   (78,124,2)
(9,189,2)    (22,152,2)   (35,9,4)     (49,181,2)   (66,103,2)   (78,131,2)
(10,30,3)    (22,174,3)   (37,33,2)    (49,183,1)   (66,141,2)   (78,145,1)
(10,52,1)    (23,0,1)     (37,34,1)    (49,189,1)   (66,148,2)   (78,188,2)
(10,86,3)    (23,29,2)    (37,142,1)   (50,11,1)    (66,173,1)   (79,1,3)
(10,95,1)    (23,37,2)    (37,154,1)   (50,18,2)    (66,188,1)   (79,24,3)
(10,96,3)    (23,57,1)    (37,185,1)   (50,56,2)    (67,41,2)    (79,36,3)
(10,136,1)   (23,100,1)   (38,21,3)    (50,71,2)    (67,65,3)    (79,42,1)
(11,14,3)    (23,101,2)   (38,67,1)    (50,110,2)   (67,74,3)    (79,47,2)
(11,19,3)    (23,127,1)   (38,77,1)    (50,116,2)   (67,77,3)    (79,50,3)
(11,33,3)    (23,158,1)   (38,86,1)    (50,134,2)   (67,116,3)   (79,127,3)
(11,41,3)    (23,167,2)   (38,113,2)   (50,167,1)   (67,133,1)   (79,136,2)
(11,43,1)    (23,168,1)   (38,118,1)   (50,168,2)   (67,160,2)   (79,162,3)
(11,56,3)    (24,8,1)     (38,134,1)   (51,9,1)     (67,161,3)   (79,167,3)
(11,87,3)    (24,33,1)    (38,182,3)   (51,19,1)    (67,182,2)
(11,122,3)   (24,54,1)    (38,184,2)   (51,31,3)    (67,184,3)
(11,150,3)   (24,61,1)    (39,10,1)    (51,52,3)    (68,53,2)
(12,0,2)     (24,75,1)    (39,31,1)    (51,62,3)    (68,77,2)
(12,7,2)     (24,79,1)    (39,41,1)    (51,98,3)    (68,86,2);

