set {i in 1 .. DAY, j in 1 .. SESSION, l in STUDENT: Y[i,j,l] == 1}  :=
(1,1,1)     (1,4,95)    (1,7,88)    (2,3,36)    (2,7,56)    (3,2,100)
(1,1,35)    (1,4,141)   (1,7,96)    (2,3,37)    (2,7,65)    (3,2,170)
(1,1,76)    (1,4,144)   (1,7,124)   (2,3,59)    (2,7,73)    (3,3,9)
(1,1,87)    (1,4,156)   (1,7,132)   (2,3,60)    (2,7,83)    (3,3,82)
(1,1,103)   (1,4,174)   (1,7,138)   (2,3,78)    (2,7,86)    (3,3,84)
(1,1,104)   (1,4,185)   (1,7,159)   (2,3,109)   (2,7,101)   (3,3,161)
(1,1,105)   (1,5,0)     (1,7,183)   (2,3,110)   (2,7,107)   (3,3,166)
(1,1,108)   (1,5,11)    (1,7,184)   (2,3,111)   (2,7,142)   (3,3,171)
(1,1,147)   (1,5,21)    (1,7,187)   (2,3,123)   (2,7,148)   (3,3,176)
(1,1,153)   (1,5,26)    (2,1,3)     (2,3,160)   (2,7,151)   (3,3,178)
(1,1,154)   (1,5,41)    (2,1,6)     (2,3,188)   (2,7,165)   (3,4,8)
(1,1,172)   (1,5,42)    (2,1,18)    (2,4,62)    (2,7,180)   (3,4,155)
(1,1,182)   (1,5,58)    (2,1,23)    (2,4,67)    (2,7,181)   (3,4,167)
(1,2,45)    (1,5,98)    (2,1,33)    (2,4,150)   (3,1,20)    (3,4,173)
(1,2,52)    (1,5,99)    (2,1,40)    (2,5,2)     (3,1,30)    (3,5,66)
(1,2,89)    (1,5,131)   (2,1,53)    (2,5,28)    (3,1,31)    (3,5,163)
(1,2,117)   (1,5,143)   (2,1,55)    (2,5,49)    (3,1,43)    (3,6,61)
(1,2,129)   (1,5,157)   (2,1,70)    (2,5,57)    (3,1,51)    (3,6,63)
(1,2,168)   (1,5,177)   (2,1,72)    (2,5,119)   (3,1,68)    (3,6,134)
(1,3,7)     (1,6,69)    (2,1,74)    (2,5,121)   (3,1,81)    (3,6,146)
(1,3,14)    (1,6,90)    (2,1,114)   (2,5,135)   (3,1,91)    (3,6,152)
(1,3,17)    (1,6,137)   (2,1,115)   (2,5,162)   (3,1,94)    (3,7,38)
(1,3,48)    (1,6,140)   (2,1,120)   (2,5,169)   (3,1,112)   (3,7,80)
(1,3,75)    (1,7,19)    (2,1,130)   (2,5,189)   (3,1,113)   (3,7,97)
(1,3,77)    (1,7,24)    (2,1,136)   (2,7,4)     (3,1,116)   (3,7,102)
(1,3,93)    (1,7,29)    (2,1,158)   (2,7,12)    (3,1,125)   (3,7,122)
(1,3,106)   (1,7,32)    (2,1,186)   (2,7,13)    (3,1,128)   (3,7,126)
(1,3,145)   (1,7,34)    (2,2,16)    (2,7,22)    (3,1,179)   (3,7,127)
(1,3,149)   (1,7,46)    (2,2,118)   (2,7,25)    (3,2,44)    (3,7,133)
(1,3,175)   (1,7,54)    (2,2,139)   (2,7,27)    (3,2,50)    (3,7,164)
(1,4,15)    (1,7,64)    (2,3,5)     (2,7,39)    (3,2,79)
(1,4,85)    (1,7,71)    (2,3,10)    (2,7,47)    (3,2,92);

